134
39 0
40 797
38 1817
37 2615
40 3544
38 4453
38 5337
40 6200
39 7186
40 7584
38 8044
39 8996
40 9391
37 9839
37 10766
37 11210
39 11657
39 12098
38 12573
40 12988
38 13419
39 14364
40 14775
37 15255
38 15658
40 16082
38 16525
37 17035
39 17975
40 18361
37 18790
38 19185
39 19673
38 20100
37 20517
39 21486
38 21934
37 22380
40 22776
40 23252
38 23661
38 24124
39 25059
40 25447
39 25911
37 26356
38 26818
37 27259
38 27699
39 28601
40 29067
37 29542
37 30015
39 30420
39 30886
38 31313
38 31858
40 32218
40 32702
37 33162
37 33609
38 34051
38 34493
39 34954
39 35896
40 36276
37 36783
38 37700
38 38112
40 38553
39 39475
39 39937
37 40395
37 40812
38 41273
38 41720
40 42170
39 43092
38 43523
37 43935
40 44396
38 44895
37 45308
39 45759
37 46672
40 47135
38 47548
40 47964
39 48414
37 48903
38 49334
39 50245
40 50676
37 51186
38 51592
39 52007
40 52502
38 52918
39 53825
38 54249
37 54726
40 55143
38 55587
37 56017
39 56449
39 57392
38 57850
38 58263
40 58698
37 59164
37 59675
39 60121
39 60559
38 61004
40 61449
37 61910
37 62356
39 62824
38 63236
40 63683
39 64572
37 65038
40 65465
40 65924
37 66388
37 66866
39 67263
39 67802
38 68248
40 68684
37 69083
37 69545
39 69985
38 70414
40 70817
39 71835
40 72250
37 72673
39 73586
38 74045
37 74554
39 75440
39 75870
37 76348
37 76766
38 77276
38 77721
38 78133
39 78996
38 79487
37 79933
39 80872
40 81367
38 81777
39 82718
40 83146
38 83620
39 84542
38 84846
40 85305
39 86313
40 86809
37 87286
39 88183
38 88599
37 89096
39 89969
38 90458
37 90950
40 91845
38 92283
37 92730
39 93585
38 94062
40 94509
39 95425
38 95922
40 96332
39 97289
38 97744
37 98198
39 98579
38 99101
40 99514
40 99980
39 100952
40 101344
38 101838
39 102731
38 103206
40 103570
37 104569
38 104978
39 105454
40 105903
38 106380 
40 106857
39 107360
39 108215
38 108662
37 109209
39 110006
40 110520
38 110985
39 111877
40 112322
38 112829
37 113283
38 113739
40 114229
39 114644
39 115533
38 116004
40 116419
39 117379
38 117805
37 118298
39 119178
40 119627
38 120066
37 120558
38 121025
40 121422
38 121867
39 122797
40 123247
40 123690
40 125063
38 125430
38 125907
38 126371
37 126866
40 127236
40 127693
40 128201
40 128647
38 129105
38 129500
38 129953
38 130445
37 130878
38 131299
40 131731
39 132230
38 132689
38 133086
38 133562
37 134057
40 134410
40 134966
40 135392
38 135808
37 136286
37 136749
37 137209
37 137637
39 138100
39 139484
38 139932
38 141710
40 142239
40 142686
37 143130
39 143544
39 145448
38 145844
40 146337
37 146798
38 147249
38 148596
40 149025
40 149539
40 150014
40 150426
37 150865
37 151308
39 151742
40 152207
38 152667
38 153129
37 153586
40 154015
40 154911
38 155406
37 156315
40 157199
38 158055
38 159043